0.552046 0.036539 0.112360 -0.036539 0.112360 0.036539 0.112353
0.036539 1.373322 0.088852 0.513943 0.088852 -0.513943 0.088852
0.112360 0.088852 1.951270 -0.088852 0.064005 0.088852 0.064005
-0.036539 0.513943 -0.088852 1.373322 -0.088852 0.513943 -0.088852
0.112360 0.088852 0.064005 -0.088852 1.951270 0.088852 0.064005
0.036539 -0.513943 0.088852 0.513943 0.088852 1.373322 0.088852
0.112353 0.088852 0.064005 -0.088852 0.064005 0.088852 1.951131
3.863253 0.526565 1.306349 -2.123901 -1.151959 -0.516547 -0.982255
0.526565 1.040528 -0.227106 -0.277501 0.300860 -0.622710 -0.469235
1.306349 -0.227106 1.937248 -0.293010 -0.011141 -0.253042 -0.247120
-2.123901 -0.277501 -0.293010 2.227133 0.279612 -0.034524 0.085235
-1.151959 0.300860 -0.011141 0.279612 1.856416 0.292497 0.267150
-0.516547 -0.622710 -0.253042 -0.034524 0.292497 1.496038 -0.251020
-0.982255 -0.469235 -0.247120 0.085235 0.267150 -0.251020 1.759833
1.492907 0.558159 0.127093 0.496856 0.032450 0.516977 0.596983
0.558159 1.548503 -0.410763 0.197203 0.416695 0.021287 0.022199
0.127093 -0.410763 1.317353 0.346524 0.599236 0.097965 0.109724
0.496856 0.197203 0.346524 1.611898 -0.383060 -0.120258 -0.136716
0.032450 0.416695 0.599236 -0.383060 1.251786 -0.120562 -0.135619
0.516977 0.021287 0.097965 -0.120258 -0.120562 1.813465 -0.084556
0.596983 0.022199 0.109724 -0.136716 -0.135619 -0.084556 1.790370
91.420087 52.185163 23.297944 18.008949 -18.702483 33.752039 32.786500
52.185163 31.219903 12.905896 10.457215 -10.290825 19.152078 18.657327
23.297944 12.905896 7.314062 5.045066 -4.233680 8.666105 8.512058
18.008949 10.457215 5.045066 4.831624 -4.187747 6.405130 6.116415
-18.702483 -10.290825 -4.233680 -4.187747 5.153854 -6.999116 -6.899922
33.752039 19.152078 8.666105 6.405130 -6.999116 14.164201 11.893314
32.786500 18.657327 8.512058 6.116415 -6.899922 11.893314 13.389201
28.016407 7.720847 0.365228 8.103180 0.835092 7.927061 8.563727
7.720847 3.773966 -0.330853 2.721540 0.695112 2.336976 2.598819
0.365228 -0.330853 1.414822 0.458927 0.498147 0.095119 0.183382
8.103180 2.721540 0.458927 4.160849 -0.091583 2.479933 2.620832
0.835092 0.695112 0.498147 -0.091583 1.418614 0.270804 0.210435
7.927061 2.336976 0.095119 2.479933 0.270804 4.301345 2.610692
8.563727 2.598819 0.183382 2.620832 0.210435 2.610692 4.696967
2.419703 0.978072 -0.022626 1.237413 0.377762 1.152292 1.328865
0.978072 1.763825 -0.492719 0.584694 0.600545 0.352268 0.403467
-0.022626 -0.492719 1.344721 0.204756 0.534263 -0.024172 -0.030985
1.237413 0.584694 0.204756 2.300671 -0.059689 0.469627 0.542817
0.377762 0.600545 0.534263 -0.059689 1.402216 0.157015 0.184152
1.152292 0.352268 -0.024172 0.469627 0.157015 2.318372 0.497079
1.328865 0.403467 -0.030985 0.542817 0.184152 0.497079 2.460393
1.129688 0.507890 0.119326 0.446607 0.024714 0.466722 0.538947
0.507890 1.523928 -0.397672 0.147391 0.390824 -0.020242 -0.025621
0.119326 -0.397672 1.318435 0.361014 0.602480 0.111996 0.125903
0.446607 0.147391 0.361014 1.528938 -0.419746 -0.192338 -0.219749
0.024714 0.390824 0.602480 -0.419746 1.238333 -0.153698 -0.173804
0.466722 -0.020242 0.111996 -0.192338 -0.153698 1.751413 -0.156031
0.538947 -0.025621 0.125903 -0.219749 -0.173804 -0.156031 1.707915
84.147921 7.093083 24.993513 -41.541472 -22.969025 -13.053749 -21.248673
7.093083 1.528772 1.660094 -3.516406 -1.454153 -1.666642 -2.161488
24.993513 1.660094 8.873081 -11.905343 -6.392188 -3.959377 -6.230663
-41.541472 -3.516406 -11.905343 21.549323 10.952861 6.085283 9.997090
-22.969025 -1.454153 -6.392188 10.952861 7.730673 3.685440 5.759860
-13.053749 -1.666642 -3.959377 6.085283 3.685440 3.431846 2.875159
-21.248673 -2.161488 -6.230663 9.997090 5.759860 2.875159 6.828722
1.284315 -0.141454 0.515068 -1.147166 -0.293288 -0.487489 -0.619876
-0.141454 0.963438 -0.439277 0.256805 0.509668 -0.517609 -0.196729
0.515068 -0.439277 1.789226 -0.103721 0.171670 -0.323822 -0.205814
-1.147166 0.256805 -0.103721 2.275986 0.002326 0.302201 0.283439
-0.293288 0.509668 0.171670 0.002326 1.651152 0.335107 0.180124
-0.487489 -0.517609 -0.323822 0.302201 0.335107 1.651726 -0.031519
-0.619876 -0.196729 -0.205814 0.283439 0.180124 -0.031519 1.958779
44.912819 24.268614 10.791822 8.450644 -8.647475 15.737107 15.298925
24.268614 15.060532 5.726674 4.818724 -4.540535 8.667200 8.462548
10.791822 5.726674 4.116016 2.554962 -1.669083 4.015995 3.992984
8.450644 4.818724 2.554962 2.837812 -2.198792 2.732401 2.541141
-8.647475 -4.540535 -1.669083 -2.198792 3.096046 -3.277501 -3.284054
15.737107 8.667200 4.015995 2.732401 -3.277501 7.353500 5.268806
15.298925 8.462548 3.992984 2.541141 -3.284054 5.268806 6.945138
