3 3 4
0.347198 0.064901 0.113192 0.474709
-0.733572 -0.175054 -0.015527 0.684032 -0.008851 -0.248502 1.032434 -0.464747 -0.132174 0.196829 0.240059 0.076847
0.036179 0.026910 -0.010030 0.026910 0.068361 -0.008546 -0.010030 -0.008546 0.009331
0.058882 -0.057056 0.010527 -0.057056 0.059629 -0.009531 0.010527 -0.009531 0.002617
0.000015 -0.000011 0.000017 -0.000011 0.000019 -0.000018 0.000017 -0.000018 0.000023
0.118608 -0.037812 0.038214 -0.037812 0.052310 -0.027826 0.038214 -0.027826 0.032516
1.315507 -0.373585 -0.657358 0.768727 -0.622532 -0.930922 0.751111 -0.373585 1.280995 0.118456 -0.979022 -0.393053 -0.097707 0.193118 -0.657358 0.118456 1.356464 0.108760 1.435822 0.336534 -0.059679 0.768727 -0.979022 0.108760 1.717186 1.585756 -0.250727 -0.098882 -0.622532 -0.393053 1.435822 1.585756 3.942360 0.321246 -0.525336 -0.930922 -0.097707 0.336534 -0.250727 0.321246 2.094477 -2.413469 0.751111 0.193118 -0.059679 -0.098882 -0.525336 -2.413469 3.039114
2.313372 0.731413 -4.021943 1.450510 -2.165550 -9.244359 9.471536 0.731413 5.829331 -4.523889 -11.494805 -0.934429 -3.363895 -5.641230 -4.021943 -4.523889 12.974239 4.844304 5.234907 21.101381 -13.290792 1.450510 -11.494805 4.844304 26.875563 -0.469683 -4.190686 23.349642 -2.165550 -0.934429 5.234907 -0.469683 2.586761 10.312736 -9.536469 -9.244359 -3.363895 21.101381 -4.190686 10.312736 42.617119 -39.677336 9.471536 -5.641230 -13.290792 23.349642 -9.536469 -39.677336 54.694795
22.196393 -108.159583 -54.071996 153.878135 -40.203296 -117.516008 120.686330 -108.159583 1197.093446 708.844545 -1879.465609 527.859487 1298.102383 -702.497022 -54.071996 708.844545 444.652126 -1147.072842 333.980004 795.671518 -374.255772 153.878135 -1879.465609 -1147.072842 3018.227962 -857.629097 -2081.564153 1048.376279 -40.203296 527.859487 333.980004 -857.629097 253.208987 593.392875 -277.652239 -117.516008 1298.102383 795.671518 -2081.564153 593.392875 1462.445994 -778.463509 120.686330 -702.497022 -374.255772 1048.376279 -277.652239 -778.463509 686.884319
0.558469 0.586287 -0.072334 -0.732878 0.007126 0.033148 -0.117771 0.586287 0.776989 -0.000894 -0.989561 -0.038084 0.289750 -0.381630 -0.072334 -0.000894 0.417514 -0.128294 -0.027168 0.073590 0.141950 -0.732878 -0.989561 -0.128294 1.796011 0.119606 -0.589584 0.410159 0.007126 -0.038084 -0.027168 0.119606 0.193438 -0.147459 0.127222 0.033148 0.289750 0.073590 -0.589584 -0.147459 0.513126 -0.451513 -0.117771 -0.381630 0.141950 0.410159 0.127222 -0.451513 0.622354
0.630767 0.247536 0.000000 0.371822 0.265036 -0.569485 0.089716 0.064054 -0.555127 0.000000 0.719055 0.161360 0.379082 0.030828 0.524990 0.446110 -0.000000 -0.044031 -0.142694 0.699097 0.119727
0.3400 0.0000 0.4000 0.0000 0.4000 0.0000 0.2790
0.0000 0.0000 0.0000 0.0000 0.0000 0.0000 0.0500
1.5708 -1.5708 -1.5708 1.5708 1.5708 -1.5708 0.0000
-2.9671 -3.1416 -3.4907 -3.8397 -4.8869 -3.1416 -4.1888
2.9671 3.1416 3.4907 3.8397 4.8869 3.1416 4.1888
