-0.928371	-1.131593	-0.997395	-0.873172	-0.910178	0.000000
-1.160542	-1.136416	-1.299910	-1.327751	-1.223678	0.000000
2.792527	2.792527	2.792527	2.792527	2.792527	0.000000
0.620675	0.513996	0.740841	0.609461	0.474566	0.000000
0.955036	0.840844	0.719870	0.832066	0.818157	0.000000
0.141931	1.070568	0.827456	0.634949	0.694153	0.000000
-0.179793	-0.163815	-0.023265	-0.244799	-0.202647	0.000000
-0.928371	-1.131593	-0.997395	-0.873172	-0.910178
-1.160542	-1.136416	-1.299910	-1.327751	-1.223678
2.792527	2.792527	2.792527	2.792527	2.792527
0.620675	0.513996	0.740841	0.609461	0.474566
0.955036	0.840844	0.719870	0.832066	0.818157
0.141931	1.070568	0.827456	0.634949	0.694153
-0.179793	-0.163815	-0.023265	-0.244799	-0.202647
