20.939746 15.321433 12.635870 16.460798 2.160327 -9.750596 -18.125260
15.321433 29.474442 1.503506 -25.268232 -27.458476 -4.964354 21.633214
12.635870 1.503506 34.134213 66.090102 44.740495 -23.712155 -69.412971
16.460798 -25.268232 66.090102 165.649147 120.135776 -56.455840 -156.637133
2.160327 -27.458476 44.740495 120.135776 92.381057 -43.309819 -107.832000
-9.750596 -4.964354 -23.712155 -56.455840 -43.309819 117.334410 -30.671455
-18.125260 21.633214 -69.412971 -156.637133 -107.832000 -30.671455 230.709729
3.964767 -0.349343 1.999601 1.180122 -0.189471 0.877055 -1.399580
-0.349343 5.096475 3.494778 2.069454 -1.778262 -1.953121 -5.281778
1.999601 3.494778 6.786083 4.187882 -1.821633 0.159986 -8.549495
1.180122 2.069454 4.187882 4.036930 0.141898 -1.252567 -4.549042
-0.189471 -1.778262 -1.821633 0.141898 4.142234 0.886828 2.742051
0.877055 -1.953121 0.159986 -1.252567 0.886828 20.859498 -18.108822
-1.399580 -5.281778 -8.549495 -4.549042 2.742051 -18.108822 29.446431
3.465827 0.423521 0.514883 -1.045818 -1.350405 2.184578 -0.884578
0.423521 1.320563 -0.985731 0.012595 -1.483554 -1.216417 0.499591
0.514883 -0.985731 1.209929 -0.412792 1.145974 1.599486 -0.517778
-1.045818 0.012595 -0.412792 0.550857 0.067383 -1.279925 0.444723
-1.350405 -1.483554 1.145974 0.067383 2.166968 0.910165 -0.244240
2.184578 -1.216417 1.599486 -1.279925 0.910165 4.400972 -1.758273
-0.884578 0.499591 -0.517778 0.444723 -0.244240 -1.758273 0.771462
2.860455 1.948482 2.620298 1.449694 0.291172 -3.278101 0.029915
1.948482 3.252252 2.581735 1.324257 0.223718 -4.717311 0.685346
2.620298 2.581735 3.596057 1.909175 0.980660 -4.522537 0.463950
1.449694 1.324257 1.909175 1.079903 0.544090 -2.200264 0.072022
0.291172 0.223718 0.980660 0.544090 0.619508 -0.685738 0.065550
-3.278101 -4.717311 -4.522537 -2.200264 -0.685738 7.593594 -1.324837
0.029915 0.685346 0.463950 0.072022 0.065550 -1.324837 0.590204
